4964
22357
2054
93
24645
3037
31794
7277
27618
20049
3332
20472
28525
1660
28844
23039
15719
12922
17607
11935
23028
17140
14442
7313
29989
14764
16547
8416
32397
32418
13344
2491
7108
14320
28839
11241
32128
5517
14021
19212
8425
8480
29201
9720
25591
22969
15302
7942
20473
21813
25016
32641
3058
17675
32194
27942
6110
3112
22963
26331
16121
32368
17090
25001
16810
3719
28765
11396
9810
16234
17404
15521
16498
29651
30772
6335
24041
28377
28247
21397
16338
20934
14264
18007
17379
8001
15033
32154
1388
30645
4160
10187
19671
16255
15702
26372
11378
23297
29134
32743
31635
12244
6554
13505
29957
9675
20960
23033
15859
30054
25174
16224
12476
30198
29565
11395
25854
30381
543
4535
6605
20413
29773
23276
2723
20887
21798
19810
2342
946
31165
27567
18112
5341
5916
13143
10414
23251
32710
29499
28403
8686
24865
18191
28612
27372
13795
6663
28449
20164
26124
22081
16012
1768
5923
10825
15327
30037
14928
21057
8791
7261
3260
16474
12172
13415
16411
25584
9482
30455
26201
29733
19461
18539
16104
23355
24931
31727
8866
11869
1606
20584
7247
12589
13366
25597
10741
10167
21479
4536
30569
21694
32180
19511
1960
19206
4781
32335
3933
5330
2264
3724
23367
2621
29293
11822
6281
3477
14632
32348
9815
28072
28812
15238
3668
27626
18568
14023
75
29891
6429
2320
22744
30937
32751
2053
5531
26086
3458
3022
6346
8582
22359
30078
9631
9321
908
12384
24454
7484
1596
15841
594
25349
12335
13567
25279
27428
4150
22682
23349
7609
8916
23738
12116
6840
4606
11147
31308
23466
19084
32040
2
14846
29310
5318
31727
24108
18034
20007
31655
20118
19679
2655
18504
18907
4456
2732
30843
21399
12037
4749
17931
9352
4216
13262
28205
27213
7034
25187
1604
3560
21155
6917
7091
23205
6719
27333
5962
19721
1509
19276
31928
27714
20969
11861
12288
1094
27842
29494
26724
27116
17880
27961
21081
8209
31233
25467
16761
1219
28874
12105
27087
31103
12307
32240
2182
5140
16200
15488
8246
19540
5611
17407
5858
17140
16528
23897
6484
1502
1747
12677
8533
3955
24840
26775
26959
14722
20549
26128
32069
15179
32574
11281
25505
27484
27889
24142
3191
24842
6281
30895
4568
25672
10107
9790
9363
500
19603
14471
18781
24228
21008
22485
11679
15011
3620
22068
17574
31173
22162
13031
13653
20432
5905
11180
22277
24000
23207
31422
15941
22344
13360
12914
18377
14136
27918
7669
5722
23199
17045
29971
23163
11176
18857
27171
27789
25792
7842
20716
24219
6314
14378
28632
22261
28623
14954
14220
16595
21404
15006
2467
25092
22585
15493
20265
26357
30515
9460
15172
2388
25296
28806
25331
12428
23038
9593
9082
14951
18052
9476
16689
13337
13111
8509
29998
12072
22452
19145
11484
16967
31417
15904
11501
28777
13499
18464
657
31533
16123
24389
15110
29778
15420
9841
2254
32593
31306
2527
18329
29892
21867
31490
22891
30739
25453
27133
26334
28116
32031
12127
21435
19098
16
32060
12037
7013
32377
14653
6272
3812
8600
28299
6450
26234
16734
4203
25576
13135
31174
2483
22859
9311
12725
24689
3664
4956
7932
11393
6984
29279
14571
25080
32550
9239
26618
1246
4812
49
19478
7428
27018
29386
20876
16333
15114
18364
2283
32299
7278
6552
12318
3320
29895
8319
26640
8326
25707
23678
14777
18532
20911
7958
7092
25374
31658
11152
21828
20416
29891
16511
27937
25242
32271
23264
13351
15421
31703
31159
29869
14695
5963
32734
577
19633
28707
10276
19704
23000
14162
22894
4233
25536
26121
3983
515
30280
11195
30287
9160
31991
26721
26917
4794
10951
15324
22872
11295
16032
16115
16617
24971
546
27864
21993
24337
27213
21110
30650
18942
13849
6481
18657
30735
2045
27951
23588
1550
29178
13447
8857
17192
6081
27748
4207
19982
5282
20717
27204
24977
32444
19337
32030
30062
23558
20096
27457
5769
18400
27496
2108
18250
14831
20353
24992
25316
18272
13760
27480
29576
25252
21067
15595
3927
1355
22056
2131
27138
25077
4920
26109
9647
7684
7978
7334
14981
32445
4470
6229
12063
31021
23680
19470
25487
11851
20331
21642
20975
18758
27382
15759
11534
9184
6369
7369
12079
31183
5915
17431
5464
19285
13383
23228
14825
4358
14642
6906
15816
9333
12800
30200
27359
115
16258
20612
11404
8953
15720
19837
21755
14167
17210
12433
7731
25793
31772
23617
25568
25151
26811
3690
27739
2689
24862
26673
25387
29016
12133
15964
32136
22300
16442
28147
7582
19455
18734
14075
8022
19988
28857
8810
24736
28862
5956
14386
15614
23614
20051
7361
27198
586
18788
172
1311
9285
9403
18577
10516
13697
32559
28312
19582
27310
19804
13372
30080
17134
17458
213
14189
29664
1036
2396
19339
17697
2018
27194
14733
29012
11056
19799
24750
23698
13874
16138
26009
17994
10523
32521
30602
26279
7450
27391
17950
22723
29116
3584
31296
14972
27372
23219
27520
22450
13434
31667
12597
15754
14418
23026
3774
20438
11920
9825
32403
24215
6022
17038
29234
16231
31199
8312
3717
2965
11409
32014
1122
16039
17203
20813
2421
22363
19869
27560
18282
28450
7420
6430
11927
25650
24803
32059
5377
4378
8477
31469
12758
27013
12436
14608
11709
20101
12589
15094
3470
5011
5794
919
25048
21326
21037
14332
23278
32633
24376
23467
2716
22141
27405
13609
22888
16463
2028
2910
2365
26379
18460
18842
4323
23405
28636
2450
9845
3251
26056
4425
8824
9726
4413
4373
10757
11249
24649
2511
5510
4201
28345
30921
15878
31561
7529
9360
19119
3746
386
25643
30201
11494
8186
4691
17010
30296
3026
586
31283
26562
272
4401
25962
20691
27528
26436
19750
15630
4550
7411
32756
18518
27330
22621
10229
9208
29967
28263
23481
24611
10285
30683
4639
1456
15552
23572
29548
24329
18026
27905
16072
3969
8059
31155
20853
7543
5010
15304
21936
8358
23575
32312
2290
5772
27314
16893
25420
4501
28384
13863
13373
1185
28915
10693
30699
3727
31757
31805
5911
19634
25625
13644
23064
23267
29341
5181
2548
11950
13768
4146
18087
1736
17645
26093
20956
20016
28291
6686
27936
13563
5050
20947
20323
14353
12885
4917
24366
7332
25321
26327
13582
25849
26160
21360
25197
13990
1458
1328
7310
29474
28919
850
20281
5455
3915
2765
22683
20650
30664
28017
1476
24672
29638
10028
18600
22356
18080
2210
3009
380
6432
29696
4904
28141
3805
21623
12952
6278
2016
23962
15584
31080
19499
29960
32398
7079
32576
14322
20318
3120
7769
16931
3567
26826
22044
32106
7289
19226
13637
18616
29606
31231
1800
2492
6377
18039
25006
12196
11418
32132
20003
6389
27509
15283
18737
29052
10183
19751
31386
6889
31045
18788
19602
21239
11731
30455
20773
3654
2579
31273
21427
15651
11642
18171
16537
16595
7108
2367
25155
6084
4466
13912
1795
11351
24347
19791
27499
24513
1116
2855
12144
30989
16477
17971
2443
17740
7410
17994
31926
24790
9456
18250
8711
10699
17507
16388
30616
7520
7574
21281
11509
886
9984
27339
23975
10290
23000
23783
23788
11412
18856
31079
1978
28758
15128
13918
12259
21565
26609
7240
6010
14676
15700
17038
7308
13534
5109
29660
8460
9876
8414
27269
3606
27080
23536
19287
8422
845
13129
28894
5709
20951
12114
26733
22438
3039
12078
30232
21217
17147
30282
16996
24080
23976
21534
19835
17696
24974
2759
1955
23904
8623
12025
5893
30464
2838
23466
3988
27255
17483
19573
28720
19884
18217
9830
13991
2659
3436
19240
13265
26905
30191
21752
29902
9756
9058
5877
15961
30074
15735
